variant_id,stop_id
805593,1603
805593,1497
816779,1603
816779,1497
816779,2818
819257,1497
819257,2818
819353,1897
819410,1680
819410,4250
819410,2817
819411,1603
819411,1497
825708,1680
825708,4250
825708,2817
829671,1629
829671,2034
829671,1417
829671,1533
829671,2817
830103,1603
830103,1497
830103,2818
830724,1548
830724,1420
830724,1533
834323,148
834323,1705
834789,3667
834789,3586
835253,5218
835253,5221
835253,5222
835253,4051
835253,4123
835253,3795
835571,4288
835571,4300
835571,4754
835571,4285
835571,4283
835571,1217
835571,357
835571,2527
835631,3908
835631,1398
835631,1541
835631,1581
835631,1502
835631,2355
836330,4898
836330,1547
836330,3524
836330,1541
836342,3908
836342,3524
836342,1541
836342,1581
836342,1502
836342,1572
836356,1751
836357,1541
836362,1548
836362,1420
836362,5310
836362,2031
836368,1497
836368,2818
836368,5310
836368,2031
836368,1495
836369,1497
836369,2818
836369,5310
836369,2031
836428,1573
836428,1501
836428,1387
836428,4685
836428,2817
836430,1573
836430,1501
836430,1387
836430,4685
836430,1534
836430,5310
836430,2031
836443,3908
836446,1398
836446,1541
836446,1581
836446,1502
836446,1572
836459,1603
836459,1497
836459,2818
836459,1534
836459,1418
836459,2031
836513,1629
836513,4896
836513,1420
836513,1581
836513,1502
836513,2355
836533,3421
836533,728
836533,3720
836533,4596
836533,3668
836533,1979
836533,3669
836533,3706
836533,3709
836533,1081
836533,3064
836533,3672
836533,4422
836557,1573
836557,1501
836557,1580
836557,1544
836557,3523
836557,3902
836601,1573
836601,1501
836601,1387
836601,4685
836601,2817
836685,1534
836685,1581
836685,1502
836685,1572
836729,4288
836729,4300
836729,4754
836729,4285
836729,4283
836729,1217
836729,357
836729,2527
836800,480
836800,2035
836800,350
836801,3807
836801,349
836801,1215
836801,481
836804,1215
836804,481
836805,480
836805,2035
836805,350
836805,2010
836806,480
836806,2035
836806,350
837041,4896
837041,1473
837041,2031
837114,1548
837114,1420
837114,1581
837114,1502
837114,1572
837125,1897
837125,2034
837125,1417
837125,1543
837132,2356
837132,5180
837132,1595
837132,2033
837132,1750
837133,1407
837133,1532
837133,2818
837133,4684
837133,1679
837133,1502
837133,1572
837251,2820
837251,4684
837251,1679
837251,1502
837251,1572
837252,2818
837252,4684
837252,1679
837252,1502
837252,1572
837254,1531
837256,1397
837256,3907
837257,3902
837273,1897
837273,2032
837273,4250
837273,2817
837280,1897
837280,2032
837280,4250
837280,2817
837281,2032
837281,4250
837281,2817
837289,1629
837302,1407
837302,1532
837303,1531
837303,1408
837375,526
837375,538
837375,3272
837495,1573
837495,1501
837495,1580
837495,1419
837495,1547
837495,2536
837513,480
837513,347
837513,2666
837513,4401
837513,2010
837522,526
837522,538
837541,3421
837541,2275
837642,3421
837642,2275
837646,5297
837646,1142
837666,2855
837666,205
837691,3794
837691,4137
837691,5224
837691,5223
837691,5220
837691,5219
837692,575
837692,595
837693,575
837693,555
837693,4892
837695,575
837697,575
837697,1034
837697,1701
837697,595
837698,596
837698,1034
837698,1701
837698,575
837698,555
837698,4892
837764,3895
837772,526
837772,538
837802,2276
837802,3415
837876,576
837876,567
837877,582
837877,568
837877,575
837877,4892
838118,494
838350,2955
838350,3134
838351,480
838351,347
838351,2666
838351,4401
838351,2010
838351,864
838538,1751
838538,2032
838538,1596
838538,5179
838538,2355
838550,1495
838574,1534
838574,1615
838574,1596
838574,5179
838574,2355
838592,73
838628,4285
838628,4283
838628,1217
838628,357
838628,2527
838645,3421
838645,728
838645,3244
838645,3720
838645,3656
838645,3669
838645,1702
838645,3706
838645,3709
838645,1081
838645,3672
838645,4422
838669,3421
838669,728
838669,3244
838669,3656
838669,3668
838669,1979
838669,3669
838669,3706
838746,240
838790,864
838805,546
838805,4895
838805,554
838805,2880
838829,4898
838829,1547
838829,3524
839094,553
839094,4894
839094,5123
839094,3517
839094,480
839094,2527
839156,148
839156,1705
839160,148
839160,1705
839161,148
839161,1705
839165,153
839165,148
839165,1705
839166,1704
839166,149
839166,153
839218,4423
839218,3671
839218,3065
839218,1082
839222,3421
839222,2305
839222,2871
839222,3652
839222,3646
839222,3036
839222,1979
839222,3669
839222,1702
839222,3706
839222,3588
839222,3666
839222,3722
839307,1704
839307,149
839310,1704
839310,149
839310,912
839311,148
839311,1705
839328,3641
839328,3027
839328,4659
839328,2254
839377,603
839377,1061
839377,554
839389,4896
839389,1470
839389,1420
839389,1581
839389,1502
839389,1572
839394,1573
839394,1501
839394,1387
839394,4685
839394,2817
839394,1531
839394,1408
839399,1534
839399,1581
839399,1502
839399,1572
839405,1897
839411,1573
839411,1501
839411,1580
839411,1533
839412,1542
839412,1418
839412,2031
839414,1897
839414,2034
839414,1417
839414,1533
839431,1407
839431,1532
839431,2818
839432,2820
839432,1531
839432,1408
839433,3908
839433,1398
839434,1541
839434,1581
839434,1502
839434,2355
839435,1573
839435,1501
839435,1580
839435,1544
839435,1397
839796,4291
839796,4277
839796,1933
839796,4279
839796,2666
839796,4401
839796,3813
839796,335
839807,4277
839807,1933
839807,4279
839807,2666
839807,4401
839807,3813
839807,335
839822,4492
839822,4745
839822,4429
839822,4479
839822,4633
839822,271
839822,3757
839872,3421
839872,728
839872,3720
839872,4596
839872,3668
839872,1979
839872,3669
839872,3706
839881,4570
839881,5296
839971,539
839971,527
839972,3272
839972,539
839972,527
839988,403
839988,3256
840108,1398
840108,3522
840108,1418
840108,2033
840108,1628
840120,1582
840120,1578
840120,1544
840120,1397
840121,1398
840121,1541
840121,1579
840121,1583
840334,3421
840334,2305
840334,2871
840334,3652
840334,3646
840334,3645
840334,3722
840356,1901
840356,604
840356,708
840356,711
840356,3420
840376,1901
840376,604
840376,708
840376,711
840376,3420
840376,2488
840378,3900
840378,2527
840658,3762
840658,5154
840659,5297
840659,4571
840659,869
840668,539
840668,527
840683,2276
840683,3415
840725,103
840725,3762
840725,5154
840726,3762
840732,3762
840737,4571
840737,869
840737,5123
840737,3517
840738,5296
840753,480
840753,347
840753,2666
840753,4401
840753,2010
840760,568
840793,3412
840793,1306
840793,2863
840793,3900
840793,2527
840803,212
840803,1306
840803,281
840841,603
840841,1061
840841,2880
840889,1419
840889,1547
840889,2536
840896,1408
840901,3522
840901,1419
840901,1547
840901,2536
840931,1407
840967,1587
840970,1582
840970,1578
840970,1544
840970,1397
840975,1398
840975,1541
840975,1579
840975,1583
840977,1587
840982,3908
840983,3902
840992,1496
840992,1604
841033,1398
841033,3522
841033,1418
841033,2031
841034,1398
841034,3522
841034,1418
841034,2033
841034,1628
841062,3421
841062,728
841062,3244
841062,3720
841070,33
841070,4663
841070,538
841070,3272
841070,3370
841083,1750
841104,1582
841104,1578
841104,1544
841104,1397
841143,3782
841143,378
841151,5296
841151,271
841151,281
841151,378
841154,2342
841159,1704
841159,3889
841161,3889
841161,2251
841162,1015
841162,3888
841162,1705
841165,1704
841165,895
841166,992
841166,1705
841167,148
841167,2714
841167,3889
841169,148
841170,153
841170,148
841171,115
841171,4803
841171,981
841171,2482
841171,73
841171,1705
841172,115
841172,4803
841172,981
841172,2482
841172,73
841172,1705
841173,115
841173,4803
841173,981
841173,2482
841173,73
841174,981
841174,2482
841174,73
841174,1705
841175,981
841175,2482
841175,73
841178,3888
841178,1705
841179,3888
841180,3888
841180,1705
841186,1015
841186,3888
841187,148
841188,153
841188,148
841198,74
841198,1025
841200,74
841200,1025
841201,74
841201,1025
841202,1704
841202,3889
841202,2251
841202,895
841203,1704
841203,895
841203,3870
841204,1704
841204,3889
841204,2251
841204,895
841204,3870
841205,992
841207,992
841207,1705
841208,3871
841208,992
841208,1705
841209,3871
841209,992
841212,992
841212,1015
841212,3888
841215,3871
841215,992
841215,1015
841215,3888
841215,1705
841216,3871
841216,992
841216,1015
841216,3888
841216,1705
841226,3977
841226,992
841226,1705
841238,3977
841238,992
841238,1015
841238,3888
841238,1705
841410,568
841411,596
841411,575
841411,555
841458,1542
841458,1418
841458,2031
841475,4250
841475,1581
841475,1502
841475,1572
841476,4250
841476,1419
841476,1547
841476,2536
841479,1542
841479,1579
841479,2031
841481,1407
841487,4250
841487,1419
841487,1547
841487,2536
841507,2741
841507,1581
841507,1502
841507,1572
841510,1582
841510,5115
841510,1581
841510,1502
841510,1572
841568,1542
841568,3523
841568,1548
841568,4899
841587,3526
841587,2816
841587,4570
841587,5296
841593,4876
841593,4875
841593,5413
841593,5400
841593,864
841656,2741
841656,1581
841656,1502
841656,1572
841664,4250
841664,1543
841702,1582
841702,2033
841702,1628
841783,3514
841783,508
841783,480
841783,347
841783,2666
841783,4389
841783,4825
841783,2010
841783,4738
841784,2011
841784,4827
841784,4389
841784,2665
841784,348
841784,481
841784,509
841785,2528
841785,2036
841785,353
841785,4284
841785,4286
841785,4291
841785,4301
841785,4276
841785,4275
841787,4747
841787,4460
841787,4114
841787,4457
841787,3410
841791,2341
841791,375
841791,4413
841797,2528
841797,2036
841797,353
841797,4284
841797,4286
841798,812
841798,3861
841798,4458
841798,4115
841798,4709
841798,4481
841798,4678
841798,4461
841798,4746
841800,812
841800,3861
841800,4458
841800,4115
841800,4709
841800,4481
841800,4678
841800,4461
841800,4746
841800,4711
841801,4747
841801,4462
841801,4678
841801,4480
841801,4710
841801,4114
841801,4457
841801,3410
841810,4492
841810,4429
841810,4479
841810,5455
841810,1865
841810,5274
841823,115
841823,4803
841823,981
841823,2482
841823,73
841823,1705
841824,3888
841824,1705
841824,4201
841825,153
841825,148
841825,1705
841826,153
841826,148
841826,1705
841827,3888
841827,1705
841828,1015
841828,3888
841828,1705
841830,83
841830,2482
841830,73
841831,74
841831,1025
841832,992
841832,1015
841832,3888
841832,1705
841833,992
841833,1015
841833,3888
841833,1705
841838,1704
841838,895
841841,3977
841841,992
841841,1015
841841,3888
841841,1705
841853,4423
841853,3671
841853,3065
841853,1082
841853,3710
841853,3707
841853,1703
841853,3670
841853,3683
841853,3720
841853,727
841853,3415
841867,3419
841867,2279
841867,4591
841867,3599
841867,3597
841867,3604
841867,3616
841887,3628
841887,4554
841887,3617
841887,3603
841887,3596
841887,3598
841887,4590
841887,2506
841887,3415
841888,3628
841888,3603
841888,3596
841888,3598
841888,4590
841888,2506
841888,3415
841889,3419
841889,2279
841889,4591
841889,3599
841889,3597
841889,3604
841889,3629
841900,3707
841900,1703
841900,3670
841900,3683
841900,3720
841900,727
841900,3415
841902,3421
841902,728
841902,3244
841902,3720
841903,3720
841903,3245
841903,727
841903,3415
841904,3720
841904,3245
841904,727
841904,3415
841905,4423
841905,3671
841905,3065
841905,1082
841905,3710
841905,3707
841905,1703
841905,3670
841905,3683
841905,3720
841905,727
841905,3421
841917,3598
841917,4590
841917,2506
841917,3421
841917,2305
841917,2871
841917,3652
841917,3646
841917,3036
841917,1979
841917,3669
841917,1702
841917,3706
841917,3588
841917,3666
841917,3722
841918,3667
841918,3707
841918,1703
841918,3668
841918,1731
841918,3037
841918,3647
841918,3653
841918,2899
841918,2274
841918,3419
841918,4591
841918,3599
841921,3667
841921,3707
841921,1703
841921,3668
841921,1731
841921,3037
841921,3647
841921,3653
841921,2899
841921,2274
841921,3415
841922,3598
841922,4590
841922,2506
841922,3415
841923,3419
841923,4591
841923,3599
841924,3721
841924,3644
841924,3036
841924,1731
841924,3037
841924,3647
841924,3653
841924,2899
841924,2274
841924,3415
841925,3721
841925,3644
841925,3036
841925,1731
841925,3037
841925,3647
841925,3653
841925,2899
841925,2274
841925,3419
841925,4591
841925,3599
841926,3598
841926,4590
841926,2506
841926,3421
841926,2305
841926,2871
841926,3652
841926,3646
841926,3036
841926,1731
841926,3037
841926,3645
841926,3722
841930,3641
841930,4254
841930,3619
841930,1085
841930,3603
841930,3596
841934,3597
841934,3604
841934,1086
841934,3632
841934,4254
841934,4566
841956,1629
841956,2034
841956,1417
841956,5437
841956,1397
841959,2356
841959,1501
841959,1580
841959,1544
841959,1397
841959,3907
841974,1629
841974,2034
841974,1417
841974,5437
841974,1397
841988,4896
841988,1420
841991,1419
841991,4897
842010,3758
842010,1149
842010,4634
842010,4478
842010,4707
842010,4744
842013,4747
842013,4429
842013,4479
842013,5455
842013,1865
842013,5274
842018,4896
842018,1470
842018,1420
842018,5437
842018,2820
842022,1497
842022,2818
842022,5310
842022,2031
842027,2356
842027,1501
842027,1580
842027,1419
842027,4897
842027,1628
842028,1629
842028,2034
842028,1417
842028,1533
842028,2817
842028,1496
842028,1604
842029,1603
842029,1497
842029,2818
842029,1534
842029,1418
842029,2033
842029,1628
842030,2356
842030,5180
842030,1595
842030,1616
842030,5437
842030,1397
842030,3907
842031,3908
842031,1398
842031,3522
842031,1615
842031,1596
842031,5179
842031,2355
842034,4896
842034,1470
842034,1420
842034,5437
842034,2820
842047,2818
842047,5310
842047,2031
842056,1531
842058,1629
842058,4896
842058,1420
842060,1581
842060,1502
842060,2355
842061,3522
842061,1419
842061,4897
842061,1628
842062,1534
842062,1581
842062,1502
842062,2355
842069,2818
842069,1534
842069,1418
842069,2033
842069,1628
842070,2356
842070,5180
842070,1595
842070,1616
842070,1533
842071,2356
842071,5180
842071,1578
842071,1565
842073,3523
842073,1548
842073,4899
842074,1564
842074,1579
842074,5179
842074,2355
842075,1532
842075,2818
842075,4684
842075,1679
842075,1502
842075,1572
842081,1897
842081,2034
842081,1417
842081,5437
842094,3899
842094,1819
842094,2815
842094,317
842094,281
842094,3934
842096,2274
842096,3415
842096,2828
842096,603
842096,4892
842096,1330
842096,2815
842096,3891
842096,2342
842099,3526
842099,546
842099,1248
842099,711
842099,3420
842101,1249
842101,27
842102,26
842102,5423
842108,3517
842108,3518
842108,1218
842108,3894
842108,4138
842108,4123
842109,4125
842109,4137
842109,4122
842109,3906
842109,3514
842109,3519
842115,1901
842115,613
842115,3895
842116,4652
842116,1892
842116,603
842116,1900
842119,1901
842119,604
842119,708
842119,711
842119,3422
842120,3884
842120,3415
842120,2828
842120,707
842120,603
842120,1900
842120,4892
842122,5274
842122,1759
842122,211
842122,240
842126,3134
842126,468
842126,5423
842126,3514
842126,317
842126,281
842126,403
842135,4652
842135,636
842135,818
842135,656
842135,242
842135,5296
842135,271
842136,1149
842136,5297
842136,240
842136,1175
842136,639
842136,3899
842137,378
842137,3890
842137,480
842137,3134
842138,3134
842138,481
842138,3891
842138,2341
842144,2528
842144,481
842144,3891
842144,3933
842144,3182
842144,2855
842144,1174
842144,1142
842144,2172
842144,675
842144,5108
842145,5109
842145,212
842145,1306
842145,281
842145,1962
842145,3934
842145,3890
842145,480
842145,2527
842147,2331
842147,2528
842147,481
842147,3526
842147,4895
842147,554
842148,3893
842148,481
842148,3526
842148,4895
842148,554
842149,553
842149,4894
842149,5123
842149,3517
842149,480
842149,3894
842153,1901
842153,604
842153,708
842153,711
842153,3421
842153,2305
842153,2871
842154,2899
842154,51
842154,2274
842154,3415
842154,2828
842154,707
842154,603
842154,4892
842155,891
842155,3547
842155,5288
842155,271
842155,2863
842156,284
842156,2861
842156,1149
842156,1865
842156,5274
842156,1759
842156,1251
842157,5297
842157,4571
842157,3517
842160,509
842160,3526
842160,5388
842160,841
842160,2029
842160,1313
842160,1248
842160,2594
842160,934
842161,935
842161,707
842161,611
842161,1819
842161,1312
842161,2028
842161,1330
842161,3517
842161,508
842161,5456
842162,3008
842162,891
842162,1138
842162,3412
842162,211
842162,240
842162,3518
842162,5458
842162,509
842162,3526
842162,546
842162,27
842185,1233
842185,5459
842185,509
842185,3526
842185,841
842185,1176
842185,5425
842185,576
842185,567
842186,575
842186,977
842186,2028
842186,1330
842186,3517
842186,5459
842186,927
842187,3891
842187,396
842187,4878
842187,4880
842187,4876
842187,4875
842187,5413
842188,4876
842188,4875
842188,5413
842188,5400
842188,864
842188,3512
842190,3899
842190,1819
842190,2815
842190,317
842190,281
842190,3934
842199,2274
842199,3415
842199,2828
842199,603
842199,4892
842199,1330
842199,2815
842200,2274
842200,3415
842200,2828
842200,603
842200,4892
842200,1330
842200,2815
842220,3526
842220,546
842220,1248
842220,711
842220,3420
842227,91
842227,798
842227,4804
842227,114
842232,3762
842232,5154
842245,3526
842245,4626
842245,4570
842249,2342
842249,2861
842249,1149
842260,5296
842260,271
842260,281
842260,3782
842260,378
842260,5466
842261,5296
842261,271
842261,281
842261,378
842261,5466
842262,5296
842262,271
842262,281
842263,2342
842265,3517
842265,3518
842265,1218
842265,3894
842265,4138
842265,4123
842265,4375
842266,4376
842266,4125
842266,4137
842266,4122
842266,3906
842266,3514
842266,3519
842276,2172
842276,675
842280,1901
842280,613
842280,3895
842282,1901
842305,3422
842320,5274
842320,1759
842320,211
842320,240
842325,5274
842325,1759
842325,1142
842328,26
842328,5423
842341,3134
842341,468
842341,5423
842341,3514
842341,317
842341,281
842341,403
842341,3256
842342,3134
842342,468
842342,5423
842342,3514
842342,317
842342,281
842342,403
842342,5439
842343,3134
842343,468
842343,5423
842343,3514
842343,317
842343,281
842343,403
842343,5439
842343,3256
842362,3901
842377,728
842384,4652
842384,636
842384,818
842384,656
842384,242
842384,5296
842384,271
842384,5439
842385,5296
842385,271
842388,812
842388,403
842397,378
842397,3890
842397,480
842397,3134
842398,3134
842398,481
842398,3891
842398,2341
842399,378
842399,3890
842399,480
842399,3134
842400,3134
842400,481
842400,3891
842400,2341
842401,3134
842401,481
842401,3891
842401,2342
842402,378
842402,3890
842402,480
842402,3134
842403,378
842403,3890
842419,2528
842419,481
842421,2855
842421,1174
842421,1142
842421,2172
842421,675
842421,5108
842422,3890
842422,480
842422,2527
842423,5109
842426,2172
842426,675
842426,5108
842428,3901
842428,281
842441,2871
842446,3899
842446,604
842446,708
842446,711
842446,3421
842446,2305
842446,2871
842448,5296
842448,271
842448,2863
842450,284
842450,2861
842450,1149
842450,5297
842451,5297
842451,4571
842451,3517
842451,3518
842452,3514
842452,3526
842452,2816
842452,4570
842452,5296
842455,2899
842455,55
842455,5440
842455,2274
842455,2304
842455,3415
842455,2828
842455,707
842455,603
842455,4892
842455,1330
842455,3517
842455,508
842456,2899
842456,55
842456,5440
842456,2274
842456,2304
842456,3415
842456,2828
842456,707
842456,603
842456,4892
842456,1330
842456,3517
842456,508
842457,2899
842457,55
842457,5440
842457,2274
842457,2304
842457,3415
842457,2828
842457,707
842464,3514
842464,2855
842464,1142
842471,2594
842471,934
842473,3008
842473,891
842473,1138
842473,3412
842473,211
842473,240
842473,3518
842474,3008
842474,891
842474,1138
842474,3412
842474,211
842474,240
842474,3518
842475,509
842475,3526
842475,546
842475,27
842480,26
842480,1330
842480,3517
842480,508
842509,509
842509,3526
842509,546
842509,613
842509,3895
842520,864
842520,3890
842520,3518
842520,5460
842527,3514
842527,396
842529,864
842529,3901
842532,1215
842532,481
842537,5432
842539,1215
842539,481
842540,1215
842540,481
842547,3422
842548,2899
842548,3422
842574,2855
842575,5462
842575,2855
842579,1233
842579,5459
842579,509
842583,575
842583,977
842583,2028
842583,1330
842583,3517
842583,5459
842584,575
842584,977
842584,2028
842584,1330
842584,3517
842584,5459
842584,927
842584,3581
842587,5459
842587,927
842588,927
842589,3891
842589,396
842589,4878
842589,4880
842591,4876
842591,4875
842591,5413
842591,5400
842591,864
842613,281
842613,403
842613,378
842619,2935
842619,2506
842619,3422
842619,2013
842619,761
842622,2935
842622,2506
842622,3422
842622,2013
842632,1548
842632,1420
842632,5437
842632,1541
842633,1542
842633,3523
842633,1419
842633,1547
842633,2536
842634,1680
842634,4250
842634,2817
842634,1496
842634,1604
842635,1573
842635,1501
842635,1580
842635,1419
842635,1471
842635,4899
842637,1497
842637,1531
842637,1408
842637,1542
842637,1579
842637,1583
842638,4896
842638,1470
842638,1420
842638,5437
842640,2818
842640,3523
842640,1419
842640,1471
842640,4899
842641,1582
842641,2033
842641,1472
842641,4899
842642,3522
842642,1419
842642,1471
842642,4899
842643,1548
842643,1420
842643,5310
842643,2031
842649,3523
842649,1548
842649,4899
842650,1548
842650,1420
842650,5437
842656,1897
842656,2032
842656,4250
842656,2817
842657,1897
842657,2032
842657,4250
842657,2817
842663,1680
842663,4250
842663,2817
842663,1496
842663,1604
842665,1496
842665,1604
842667,2034
842667,1417
842667,5437
842667,1397
842669,1582
842669,2033
842669,1472
842669,4899
842671,4250
842671,1543
842675,1629
842675,4896
842675,1420
842675,5437
842677,2356
842677,1501
842677,1580
842677,2817
842679,4250
842679,1581
842679,1502
842679,2355
842682,1582
842682,1578
842682,1544
842682,1407
842682,1532
842683,1582
842683,1578
842683,1544
842685,1582
842685,1578
842685,1544
842685,1407
842685,1532
842686,1531
842686,1408
842686,1542
842686,1579
842686,1583
842687,1582
842687,2033
842687,1628
842688,4898
842688,1547
842688,3524
842690,2356
842690,1501
842690,1580
842690,1544
842692,1581
842692,1502
842692,1572
842693,1897
842693,2034
842693,1417
842693,5437
842694,3523
842694,1418
842694,2031
842694,1495
842696,1901
842696,604
842696,708
842696,711
842696,3422
842696,4431
842696,4523
842696,2245
842696,3641
842696,3621
842696,1092
842697,1093
842697,4254
842697,4566
842697,2246
842697,3608
842697,4432
842697,3415
842697,2828
842697,707
842697,603
842698,1901
842698,604
842698,708
842698,711
842698,3422
842698,4431
842698,4523
842698,2245
842698,3641
842698,3027
842698,4659
842698,2254
842699,2255
842699,4660
842699,4566
842699,2246
842699,3608
842699,4432
842699,3415
842699,2828
842699,707
842699,603
842700,576
842700,567
842700,4536
842700,2113
842700,4255
842700,3641
842700,4254
842700,3619
842700,1085
842700,3603
842700,3596
842701,3597
842701,3604
842701,1086
842701,3618
842701,4254
842701,4566
842701,4256
842701,2113
842701,4553
842701,568
842701,575
842702,604
842702,708
842702,711
842702,3422
842702,4431
842702,4523
842702,2245
842702,3641
842702,3621
842702,1092
842703,1901
842703,604
842703,708
842703,711
842703,3422
842703,4431
842703,4523
842703,2245
842703,3641
842703,4254
842705,1093
842705,4254
842705,4566
842705,2246
842705,3608
842705,4432
842705,3415
842705,2828
842705,707
842705,603
842706,1093
842706,4254
842706,4566
842706,2246
842706,3608
842706,4432
842706,3415
842706,2828
842706,707
842706,603
842707,1093
842707,4254
842707,4566
842707,2246
842707,3608
842707,4432
842707,3415
842708,4254
842708,4566
842708,2246
842708,3608
842708,4432
842708,3415
842708,2828
842708,707
842708,603
842709,4566
842709,2246
842709,3608
842709,4432
842709,3415
842709,2828
842709,707
842709,603
842710,1093
842710,4254
842710,4566
842710,2246
842710,3608
842710,4432
842710,3415
842710,2828
842710,707
842710,603
842711,4254
842711,4566
842711,2246
842711,3608
842711,4432
842711,3415
842711,2828
842711,707
842711,603
842712,1901
842712,604
842712,708
842712,711
842712,3422
842712,4431
842712,4523
842712,2245
842712,3641
842712,3027
842712,4659
842712,2254
842713,3422
842713,1190
842713,4431
842713,4523
842713,2245
842713,3641
842713,3027
842713,4659
842713,2254
842714,2255
842714,4660
842714,4566
842714,2246
842714,3608
842714,4432
842714,3415
842714,2828
842714,707
842714,603
842715,1092
842715,2255
842715,4660
842715,4566
842715,2246
842715,3608
842715,4432
842715,3415
842715,2828
842715,707
842715,603
842717,3689
842717,2255
842717,4660
842717,4566
842717,2246
842717,3608
842717,4432
842717,3415
842717,2828
842717,707
842717,603
842720,4423
842720,3671
842720,3065
842720,1082
842720,3707
842720,3668
842720,1979
842720,3670
842720,4597
842720,3720
842720,727
842720,3415
842721,576
842721,567
842721,4536
842721,2113
842721,4255
842721,4566
842722,576
842722,567
842722,4536
842722,2113
842722,4255
842722,3641
842722,4254
842723,567
842723,4536
842723,2113
842723,4255
842723,3641
842723,4254
842723,3619
842723,1085
842723,3603
842723,3596
842724,4566
842724,4256
842724,2113
842724,4553
842724,568
842724,575
842725,3597
842725,3604
842725,1086
842725,3618
842725,4254
842725,4566
842725,4256
842725,2113
842725,4553
842725,568
842725,575
842727,576
842727,567
842727,5384
842727,4536
842727,2113
842727,4255
842727,3641
842727,4254
842727,3619
842727,1085
842727,3603
842727,3596
842751,3008
842751,891
842751,1138
842751,211
842751,240
842751,5459
842751,509
842751,3526
842751,546
842751,4895
842751,554
842751,2880
842753,2528
842753,481
842753,5457
842753,509
842753,3526
842753,546
842753,4895
842753,554
842758,2172
842768,1901
842768,604
842768,708
842768,711
842768,3420
842769,1901
842769,604
842769,708
842769,711
842769,3420
842769,2488
842780,3421
842780,2273
842780,2305
842780,5440
842780,2871
842793,2528
842793,481
842793,5457
842793,509
842793,3526
842793,546
842793,4895
842793,554
842805,2838
842805,3476
842805,74
842805,1025
842806,1704
842806,3889
842806,2477
842806,4248
842807,4248
842807,2040
842807,3888
842807,1705
842809,83
842809,2482
842809,73
842809,3467
842809,2839
842809,3994
842810,2838
842810,3476
842810,74
842810,1025
842811,2838
842811,3476
842811,74
842811,1025
842812,2838
842812,3476
842812,74
842812,1025
842813,3995
842813,2838
842813,3476
842813,74
842813,1025
842814,3995
842814,2838
842814,3476
842814,74
842814,1025
842816,3995
842816,2838
842816,3476
842816,74
842816,1025
842817,4248
842817,2040
842817,3888
842817,1705
842818,4248
842818,2040
842818,3888
842818,1705
842819,4248
842819,2040
842819,3888
842830,1901
842830,604
842830,708
842830,711
842830,3422
842830,4431
842830,4523
842830,2245
842830,4566
842850,83
842850,2482
842850,73
842850,3467
842850,2839
842859,1497
842859,2818
842859,3523
842859,1419
842859,1471
842859,4899
842865,4896
842865,1420
842865,1581
842865,4572
842866,4573
842866,1580
842866,1419
842866,4897
842871,1897
842871,2034
842871,1417
842871,5437
842871,1541
842871,4684
842871,4572
842872,1635
842872,4685
842872,1544
842872,3523
842872,1418
842872,2031
842872,1495
842889,2356
842889,1501
842889,1580
842902,1635
842902,4685
842902,1544
842902,3523
842902,1418
842902,2031
842903,1635
842903,4685
842903,1544
842907,1582
842907,1578
842907,1544
842907,1407
842907,1532
842916,4898
842916,1547
842916,3524
842919,3522
842919,1548
842919,4899
842936,1531
842936,1408
842936,1542
842936,1418
842936,2031
842944,1581
842944,4572
842947,1541
842947,1579
842947,1583
842959,1541
842959,4684
842959,4572
842989,180
842989,5476
842990,5288
842990,1791
842990,4634
842990,4478
842990,4707
842990,4467
842991,4492
842991,4429
842991,4479
842991,5455
842991,1865
842991,5274
842995,4387
842995,180
842995,5476
842996,4387
842996,180
842996,5476
842997,180
842997,5476
842998,5288
842998,1791
842998,4634
842998,4478
842998,4465
842998,4746
843000,4747
843000,4429
843000,4479
843000,5455
843000,1865
843000,5274
843001,4429
843001,4479
843001,5455
843001,1865
843001,5274
843006,1215
843006,481
843006,5458
843006,509
843006,3526
843006,5296
843006,3801
843023,757
843023,3415
843023,2828
843023,707
843023,603
843023,1900
843023,4892
843024,5167
843024,5155
843024,115
843027,1160
843027,212
843027,128
843027,115
843028,116
843028,5424
843028,1142
843028,665
843038,4570
843038,5296
843038,5278
843038,184
843038,179
843038,3222
843038,188
843039,3221
843039,180
843039,5297
843039,4571
843039,869
843044,3802
843044,5297
843044,3517
843044,508
843044,5457
843044,480
843044,2035
843045,3802
843045,5297
843045,3517
843045,508
843045,5457
843045,480
843045,2035
843046,3802
843046,5297
843046,3517
843046,508
843055,304
843055,2531
843055,5167
843055,5155
843056,3217
843060,3218
843060,5424
843074,757
843074,1230
843074,3415
843074,2828
843074,707
843074,1819
843074,1312
843074,2028
843074,1330
843074,3517
843074,508
843081,5274
843082,5288
843082,271
843082,2863
843082,3518
843082,5456
843083,1149
843083,5274
843084,2861
843084,5439
843084,1149
843084,5274
843085,2861
843085,1149
843085,5274
843086,1759
843086,116
843087,1759
843087,116
843087,5424
843091,757
843091,3415
843091,2828
843097,5424
843097,5154
843097,240
843097,1330
843097,3517
843097,508
843098,3906
843098,5458
843098,3526
843098,547
843098,242
843098,5155
843100,3134
843100,468
843100,5423
843100,3906
843100,5458
843100,3526
843100,547
843100,242
843100,5155
843103,5424
843103,2554
843110,115
843111,115
843111,3136
843114,3076
843114,1125
843114,116
843114,5424
843116,3076
843120,5483
843120,115
843120,1025
843120,3077
843122,5288
843122,271
843122,281
843123,1160
843123,212
843123,115
843123,5408
843124,212
843124,115
843124,5408
843125,212
843125,115
843125,5408
843126,5409
843126,3130
843126,116
843126,5424
843126,1142
843126,665
843127,5409
843127,3130
843127,116
843127,5424
843127,1142
843128,116
843128,5424
843129,212
843129,115
843130,116
843130,5424
843130,1142
843131,115
843132,212
843132,115
843133,116
843133,5424
843134,5297
843136,5296
843141,1759
843141,1142
843148,5297
843151,5296
843152,5278
843152,184
843152,179
843152,3222
843152,188
843158,3802
843158,5297
843158,3517
843158,508
843158,5457
843158,480
843158,2035
843160,2342
843160,3781
843160,2861
843160,1149
843160,5274
843160,5475
843160,179
843160,3076
843161,2899
843161,55
843161,5440
843161,2274
843161,2304
843161,3415
843161,2828
843161,707
843161,603
843161,4892
843161,1330
843161,3517
843161,508
843161,5456
843161,3514
843161,2861
843161,1149
843161,5274
843162,3076
843162,1125
843162,116
843162,5424
843162,211
843162,4748
843166,3077
843166,180
843166,5476
843166,5297
843168,2342
843168,2861
843168,1149
843168,5274
843168,5475
843168,179
843168,3076
843172,5466
843172,2342
843172,2861
843172,1149
843172,5274
843172,5475
843172,179
843172,3076
843173,3077
843173,180
843173,5476
843173,5288
843173,271
843173,281
843173,3782
843173,378
843173,5466
843174,3077
843174,180
843174,5476
843174,5288
843174,271
843174,281
843174,378
843174,5466
843175,5466
843175,2342
843175,3781
843175,2861
843175,1149
843175,5274
843175,5475
843175,179
843175,3076
843176,5466
843176,2342
843176,2861
843176,1149
843176,5274
843176,5475
843176,179
843176,3076
843177,5296
843177,5475
843177,179
843177,3076
843180,115
843180,1139
843180,4803
843180,799
843180,1025
843183,3077
843183,180
843183,5476
843183,5288
843183,271
843183,281
843183,378
843192,812
843192,3861
843192,4458
843192,4459
843192,4455
843192,4429
843193,4507
843193,4456
843193,4460
843193,4457
843193,3410
843196,812
843196,3861
843196,4458
843196,4115
843196,4459
843196,4455
843196,4429
843196,4707
843196,4744
843196,4493
843196,4497
843197,4496
843197,4490
843197,4745
843197,4465
843197,4507
843197,4456
843197,4460
843197,4457
843197,3410
843198,3370
843198,3272
843198,539
843198,527
843198,1253
843198,838
843209,4254
843209,4566
843209,4256
843209,2113
843209,4553
843209,568
843209,575
843278,3412
843278,1306
843278,2863
843278,3900
843278,2527
843281,4894
843281,4570
843281,5296
843282,5297
843282,4571
843282,869
843282,4626
843299,3134
843300,3134
843303,5296
843304,5297
843329,760
843329,757
843329,1230
843329,2711
843329,3419
843329,2375
843332,812
843332,3861
843332,4458
843332,4115
843332,4459
843332,4746
843333,5475
843333,179
843338,5475
843338,179
843338,4387
843338,4490
843343,33
843343,4663
843343,538
843344,539
843344,527
843344,1253
843344,838
843359,3596
843359,3598
843359,4590
843359,2506
843359,3415
843361,3933
843361,2863
843361,316
843361,5487
843361,613
843361,3895
843362,378
843362,864
843362,327
843362,5487
843362,546
843362,4893
843362,1901
843362,604
843362,711
843362,3421
843362,2305
843365,3933
843365,2863
843365,316
843365,5487
843365,613
843365,3895
843370,760
843370,757
843370,1230
843370,2711
843370,3419
843370,2935
843370,2375
843371,2506
843371,3422
843371,2013
843371,761
843372,2506
843372,3422
843372,2013
843384,576
843384,2880
843384,551
843384,607
843386,757
843386,3415
843386,2828
843386,1819
843386,1330
843386,3517
843387,115
843387,1139
843387,4803
843387,799
843387,1025
843388,91
843388,798
843388,4804
843388,114
843389,242
843389,212
843389,5483
843389,115
843389,1025
843389,3077
843391,3077
843391,180
843391,5476
843391,5288
843391,271
843391,281
843391,3782
843391,378
843395,242
843395,1813
843395,212
843395,3547
843395,5288
843396,26
843396,5423
843396,3906
843396,319
843396,2855
843396,5296
843397,5297
843397,1306
843397,1151
843397,318
843397,3892
843397,1249
843397,27
843398,3412
843398,3547
843398,5297
843398,1151
843398,305
843398,3891
843398,5432
843399,396
843399,3890
843399,304
843399,2855
843399,5296
843399,1759
843399,3416
843400,3901
843400,304
843400,2531
843400,5167
843400,5155
843400,3217
843401,2274
843401,3415
843401,2828
843401,707
843401,1819
843401,1289
843401,2028
843401,5167
843401,5155
843401,212
843401,3547
843402,1759
843402,1142
843402,5154
843402,5162
843402,1176
843402,1178
843402,1248
843402,708
843402,711
843402,3421
843402,2305
843402,728
843404,26
843404,5125
843404,3906
843404,319
843404,2855
843404,5296
843405,5297
843405,1151
843405,318
843405,3892
843405,27
843406,2528
843406,3901
843406,2855
843406,1174
843406,3416
843406,116
843407,5288
843407,271
843407,2863
843407,3518
843407,5456
843407,509
843407,3526
843407,5388
843407,546
843407,4893
843407,604
843407,708
843407,711
843407,3421
843407,2273
843407,2305
843407,5440
843407,2871
843408,26
843408,1330
843408,3517
843408,508
843408,5458
843408,3514
843408,242
843408,212
843408,2579
843408,3416
843408,1251
843408,2999
843409,4652
843409,1819
843409,1330
843409,3517
843409,508
843409,5456
843409,3514
843409,1154
843409,5296
843409,1759
843409,15
843410,16
843410,198
843410,3547
843410,5297
843410,1151
843410,494
843410,3518
843410,5456
843410,509
843410,3526
843410,546
843410,613
843410,3895
843411,757
843411,1230
843411,3415
843411,2828
843411,707
843411,1819
843411,1312
843411,2028
843411,1330
843411,3517
843411,508
843411,5461
843411,3514
843411,2816
843411,1154
843411,281
843412,1151
843412,494
843412,2815
843412,3518
843412,5456
843412,509
843412,3526
843412,841
843412,2029
843412,1313
843412,1248
843412,708
843412,711
843412,3422
843413,378
843414,2342
843416,757
843416,3415
843416,2828
843416,1819
843416,1330
843416,3517
843418,3076
843418,1125
843418,116
843418,5424
843418,211
843418,4748
843420,3076
843420,1125
843420,116
843420,5424
843421,5167
843421,5155
843421,115
843424,4571
843424,869
843424,5123
843424,3517
843426,3077
843426,180
843426,5476
843426,5288
843426,271
843426,281
843426,378
843427,271
843427,281
843427,3782
843427,378
843428,2861
843428,1149
843428,5274
843428,5475
843428,179
843428,3076
843430,5296
843430,271
843430,281
843430,3782
843430,378
843437,212
843437,3547
843437,5288
843439,5274
843439,1759
843439,211
843439,240
843441,1151
843441,318
843441,3892
843441,1249
843441,27
843443,26
843443,5423
843443,3906
843443,319
843445,5424
843445,3412
843445,3547
843445,5297
843445,1151
843445,305
843445,3891
843445,5432
843446,396
843446,3890
843446,304
843446,2855
843446,5296
843446,1759
843446,3416
843448,396
843448,3890
843448,304
843448,2855
843449,3890
843449,304
843449,2855
843450,3890
843450,304
843451,1151
843451,305
843451,3891
843451,5432
843452,3412
843452,3547
843452,5297
843452,1151
843452,305
843452,3891
843452,5432
843454,1151
843454,305
843454,3891
843455,1151
843455,305
843455,3891
843456,1151
843456,305
843456,3891
843458,3901
843458,304
843458,2531
843458,5167
843458,5155
843459,3547
843467,3134
843467,481
843467,3891
843467,2341
843468,1151
843468,318
843468,3892
843468,27
843469,1151
843469,318
843469,3892
843469,27
843470,1151
843470,318
843470,3892
843470,27
843471,26
843471,5125
843471,3906
843471,319
843471,2855
843471,5296
843472,26
843472,5125
843472,3906
843472,319
843473,26
843473,5125
843473,3906
843473,319
843474,26
843474,5125
843474,3906
843474,319
843479,3514
843479,242
843479,212
843479,2579
843479,3416
843479,1251
843479,2999
843480,26
843480,1330
843480,3517
843480,508
843480,5458
843480,3514
843480,242
843480,212
843480,2579
843480,3416
843482,5424
843482,5154
843482,240
843483,16
843483,198
843483,3547
843483,5297
843483,1151
843483,494
843483,3518
843483,5456
843484,16
843484,198
843484,3547
843484,5297
843484,1151
843484,494
843484,3518
843485,3514
843485,1154
843485,5296
843485,1759
843485,15
843487,480
843487,2035
843489,757
843489,1230
843489,3415
843489,2828
843489,707
843489,1819
843489,1312
843489,2028
843489,1330
843489,3517
843489,508
843489,5461
843489,3514
843489,2816
843489,1154
843489,281
843490,1151
843490,494
843490,2815
843490,3518
843494,3008
843494,891
843494,1138
843494,211
843494,240
843494,3518
843506,977
843506,818
843506,5469
843507,2880
843507,553
843507,4892
843507,1330
843507,3517
843507,508
843507,5459
843507,3514
843507,242
843507,212
843507,129
843507,1251
843516,2855
843516,1142
843517,977
843517,818
843517,5469
843518,818
843518,5469
843521,2880
843521,553
843521,4892
843521,1330
843521,3517
843521,508
843529,553
843529,4892
843529,1330
843529,3517
843529,508
843531,1239
843531,281
843531,403
843531,2341
843531,1816
843531,4878
843531,4880
843531,4876
843531,4875
843531,5413
843533,1239
843533,281
843533,403
843533,2341
843533,1816
843533,4878
843533,4880
843593,1680
843593,1582
843593,2031
843593,1528
843593,4898
843593,1547
843593,3902
843597,1573
843597,1501
843597,1580
843597,5310
843597,2031
843601,1629
843601,2031
843604,1704
843604,149
843605,1704
843605,72
843605,1125
843605,4804
843605,114
843609,148
843609,1705
843610,153
843610,148
843610,1705
843613,1015
843613,3888
843613,1705
843620,1704
843620,3889
843620,2251
843620,895
843631,1751
843631,1527
843631,2034
843631,1417
843631,5437
843631,1397
843632,1398
843632,3522
843632,1418
843632,2031
843632,1528
843632,1750
843647,4896
843647,1420
843647,5437
843649,4573
843649,1580
843649,5437
843650,3522
843650,1581
843650,4572
843651,3384
843651,1581
843651,4572
843652,3523
843652,1419
843652,4897
843656,3908
843656,1548
843656,4897
843656,1527
843656,2032
843656,1583
843656,1868
843660,1548
843660,4897
843660,1527
843660,2032
843660,1583
843660,1868
843661,1767
843661,2032
843661,1583
843661,1868
843663,3908
843663,1398
843664,1397
843664,3907
843667,3908
843667,1398
843667,3522
843667,1418
843667,2031
843668,3908
843669,3902
843670,2034
843670,1417
843670,5437
843670,1397
843670,3902
843671,1528
843671,1750
843672,2818
843672,1397
843672,3902
843680,4652
843680,637
843680,668
843680,2172
843681,639
843681,3899
843682,642
843682,636
843682,1312
843682,1176
843682,4893
843682,1901
843682,604
843682,605
843682,708
843682,711
843682,3421
843685,469
843685,435
843685,1011
843686,1160
843686,639
843686,3899
843686,1892
843686,604
843686,934
843686,568
843689,3182
843689,2861
843689,1149
843689,1865
843689,5297
843689,1142
843689,824
843689,639
843689,3895
843690,637
843690,666
843690,212
843690,195
843690,179
843691,180
843691,1142
843691,824
843691,638
843692,647
843692,639
843692,3899
843692,1248
843692,708
843692,711
843692,3421
843692,2305
843693,2274
843693,3415
843693,2828
843693,707
843693,613
843693,4652
843693,638
843693,700
843695,180
843695,5297
843695,240
843697,3901
843697,952
843697,815
843697,1782
843697,638
843698,2816
843698,952
843698,3793
843698,4894
843698,3517
843699,509
843699,3526
843699,841
843699,2029
843699,1313
843699,637
843699,5467
843700,1312
843700,2028
843700,3517
843700,508
843700,5456
843702,469
843702,468
843702,5423
843702,3906
843702,5458
843702,3526
843702,547
843702,242
843702,5155
843704,864
843704,3890
843704,3518
843704,5460
843704,509
843704,3526
843704,2816
843704,1782
843704,638
843705,636
843705,818
843705,3517
843705,508
843705,5460
843705,3514
843705,396
843706,864
843706,3890
843706,3518
843706,5460
843706,509
843706,3526
843706,2816
843706,1782
843706,638
843708,1160
843708,824
843708,651
843708,3517
843708,508
843708,5460
843708,3514
843708,3901
843711,3933
843711,2863
843711,316
843711,5487
843711,613
843711,4652
843712,4652
843713,3895
843714,3899
843714,1819
843714,2815
843714,317
843714,281
843714,3934
843715,2815
843715,3891
843715,396
843715,2342
843716,603
843716,4892
843716,1330
843716,2815
843716,3891
843716,396
843716,2342
843717,2274
843717,3415
843717,2828
843718,378
843718,864
843718,327
843718,5487
843719,1188
843719,711
843719,3421
843719,2305
843720,1188
843720,711
843720,3421
843720,2305
843725,638
843726,638
843727,481
843727,3526
843727,1175
843731,1819
843731,1330
843731,3517
843732,1819
843732,1330
843733,1248
843733,711
843733,3420
843734,3526
843734,546
843734,613
843735,757
843735,3415
843735,2828
843735,613
843736,3076
843736,1125
843736,116
843736,5424
843736,211
843736,4748
843737,242
843737,212
843737,5483
843737,115
843737,1025
843737,3077
843739,3762
843739,5154
843739,5160
843740,242
843740,5167
843740,5155
843740,115
843741,242
843741,5167
843741,5155
843741,115
843741,3136
843743,1160
843744,4652
843744,637
843745,637
843745,668
843745,2172
843746,639
843746,3899
843747,4652
843747,637
843747,668
843747,2172
843747,5405
843748,5405
843748,639
843748,3899
843749,613
843751,4376
843751,4125
843751,4137
843751,4122
843751,3906
843751,3514
843751,3519
843751,547
843752,4125
843752,4137
843752,4122
843752,3906
843752,3514
843752,3519
843752,547
843756,642
843756,636
843756,1312
843756,1176
843756,4893
843756,1901
843756,604
843756,605
843756,708
843756,711
843756,3421
843758,642
843758,636
843758,1312
843758,1176
843759,3415
843759,2828
843759,707
843759,606
843759,603
843759,1900
843759,4892
843759,2029
843759,1313
843759,637
843759,668
843760,642
843760,636
843760,1312
843760,1176
843760,4893
843760,1901
843760,604
843760,605
843760,708
843760,711
843760,3421
843761,637
843761,2172
843761,675
843764,1819
843765,582
843765,568
843765,575
843765,613
843766,1901
843766,613
843767,3895
843771,4652
843772,4652
843774,1160
843774,639
843774,3899
843774,1892
843774,604
843774,934
843774,567
843776,1160
843776,639
843776,3899
843776,1892
843776,604
843776,568
843776,1034
843776,1701
843777,1160
843777,639
843777,3899
843777,1892
843777,604
843777,934
843777,1034
843777,1701
843777,567
843778,1160
843778,639
843778,3899
843778,1892
843778,604
843778,934
843778,2117
843778,568
843779,1160
843779,639
843779,3899
843779,1892
843779,604
843779,934
843779,2117
843779,567
843787,639
843787,3899
843787,1892
843787,604
843787,934
843788,1160
843789,568
843789,1189
843789,935
843789,707
843789,613
843789,4652
843789,637
843789,644
843790,568
843790,1189
843790,935
843790,707
843790,613
843790,4652
843790,637
843790,644
843792,3182
843792,2861
843792,1149
843792,1865
843792,5297
843792,1142
843792,824
843792,639
843793,1149
843793,1865
843793,5297
843793,1142
843793,824
843793,639
843793,3895
843800,1149
843800,1865
843800,5297
843800,1142
843800,824
843800,639
843800,3895
843801,3182
843801,2861
843801,1149
843801,5297
843801,1142
843801,824
843804,639
843804,3895
843806,3884
843806,3415
843806,2828
843806,707
843808,708
843808,711
843808,3422
843809,603
843809,1900
843809,4892
843811,952
843811,1782
843812,818
843812,964
843812,5469
843817,469
843817,468
843817,5423
843817,3514
843817,317
843817,281
843817,403
843817,3256
843819,469
843819,468
843819,5423
843819,3514
843819,317
843819,281
843819,403
843819,5439
843819,3256
843820,2274
843820,3415
843820,2828
843820,707
843820,613
843821,1759
843821,1142
843821,5154
843821,5162
843821,1176
843821,1178
843821,613
843822,1759
843822,1142
843822,5154
843822,5162
843823,5167
843823,5155
843823,212
843823,3547
843824,1176
843824,1178
843824,1248
843824,708
843824,711
843824,3421
843824,2305
843824,728
843825,1248
843825,708
843825,711
843825,3421
843825,2305
843825,728
843826,638
843827,637
843827,666
843827,212
843827,195
843827,179
843828,180
843828,1142
843828,824
843828,638
843830,647
843830,639
843830,3899
843830,1248
843830,708
843830,711
843830,3421
843830,2305
843831,2274
843831,3415
843831,2828
843831,707
843831,613
843831,4652
843831,638
843832,647
843832,637
843833,639
843833,3899
843833,1248
843833,708
843833,711
843833,3421
843833,2305
843834,638
843834,700
843835,604
843835,708
843835,711
843835,3420
843836,604
843836,708
843836,711
843836,3420
843836,2488
843837,757
843837,3415
843837,2828
843837,707
843837,602
843837,613
843838,1901
843838,602
843839,603
843839,1900
843839,4892
843840,639
843840,3899
843841,636
843841,818
843841,656
843841,242
843841,5296
843841,271
843843,636
843843,818
843843,656
843843,242
843843,5296
843843,271
843844,4652
843846,1149
843846,5297
843846,240
843846,1175
843846,1782
843850,2869
843850,5297
843850,240
843854,180
843854,5297
843854,240
843855,707
843857,3901
843857,952
843857,815
843857,1782
843857,638
843859,638
843861,3901
843861,952
843861,815
843861,1782
843861,638
843862,637
843864,4895
843865,553
843866,5123
843866,3517
843866,480
843866,3894
843867,603
843867,4894
843867,5123
843867,3517
843867,480
843867,3894
843868,4895
843868,554
843869,553
843869,4892
843870,3893
843870,481
843870,3526
843871,603
843873,1901
843874,2899
843874,51
843874,2274
843874,3415
843874,2828
843874,707
843875,603
843875,4892
843876,604
843876,708
843876,711
843876,3421
843876,2305
843876,2871
843877,3793
843877,4894
843877,3517
843878,2816
843878,952
843878,1782
843879,2899
843879,55
843879,2274
843879,2304
843879,3415
843879,2828
843879,707
843879,626
843880,509
843880,3526
843880,5388
843880,546
843880,4893
843881,1759
843881,1142
843882,935
843882,707
843882,611
843883,1138
843883,3412
843883,211
843883,240
843884,26
843884,1330
843884,3517
843885,509
843885,3526
843885,841
843885,2029
843885,1313
843885,637
843886,1312
843886,2028
843886,3517
843886,508
843886,5456
843887,509
843887,3526
843887,841
843887,2029
843887,1313
843887,637
843889,469
843889,468
843889,5423
843889,3906
843889,5458
843889,3526
843889,547
843889,242
843889,5155
843891,469
843891,468
843891,5423
843891,3906
843891,509
843891,3526
843891,547
843892,4652
843892,637
843893,509
843893,3526
843893,546
843893,613
843893,637
843894,546
843894,613
843894,637
843895,3526
843895,546
843895,613
843895,637
843897,636
843897,818
843897,3517
843897,508
843897,5460
843897,3514
843900,864
843900,3890
843900,3518
843900,5460
843900,509
843900,3526
843900,2816
843900,1782
843900,638
843903,636
843903,818
843903,3517
843903,508
843903,5460
843904,636
843904,818
843904,3517
843904,508
843904,5460
843904,3514
843905,509
843905,3526
843905,2816
843905,1782
843905,638
843907,509
843907,3526
843907,2816
843907,1782
843907,638
843908,3901
843908,315
843908,1782
843908,641
843909,977
843909,1312
843909,818
843909,1782
843909,637
843910,757
843910,1230
843910,3421
843910,707
843910,613
843910,637
843915,509
843915,3526
843916,2880
843916,553
843916,5425
843916,637
843918,553
843918,4892
843919,2528
843919,481
843919,509
843919,3526
843919,547
843920,509
843920,3526
843920,547
843921,1160
843921,824
843921,651
843921,3517
843921,508
843921,5460
843921,3514
843921,3769
843921,3901
843923,1160
843923,824
843923,651
843923,3517
843923,508
843923,5460
843923,3514
843923,3901
843925,1160
843925,824
843925,651
843925,3517
843925,508
843928,1160
843928,824
843928,651
843929,1233
843929,5459
843929,509
843929,3526
843929,547
843930,509
843930,3526
843930,547
843931,5459
843931,509
843931,3526
843931,547
843932,707
843932,613
843945,575
843945,555
843945,4892
843945,613
843946,596
843946,575
843946,555
843946,4892
843946,613
843947,1819
843949,2342
843949,1963
843949,3182
843949,2861
843949,1149
843949,5297
843949,1142
843949,824
843950,2342
843950,1963
843950,3182
843950,2861
843950,1149
843950,5297
843950,1142
843950,824
843950,4562
843961,1603
843961,1497
843961,2818
843961,1534
843961,5310
843961,1868
843962,1680
843962,1582
843962,2031
843962,1528
843962,4898
843962,1547
843962,3902
843963,3908
843963,1548
843963,4897
843963,1527
843963,2032
843963,1583
843963,1868
843964,4896
843964,1473
843964,2031
843965,1497
843965,2818
843965,3523
843965,1418
843965,2031
843966,2820
843967,1573
843967,1501
843967,1580
843967,1419
843967,1547
843968,1573
843968,1501
843968,1580
843968,1616
843968,1533
843969,1548
843969,1420
843970,1548
843970,1420
843970,1581
843970,1502
843970,1572
843971,1408
843971,1542
843971,3523
843971,1548
843971,4899
843972,1548
843972,1420
843972,5437
843973,1407
843974,1542
843975,1542
843975,3523
843975,1418
843975,2031
843976,4250
843976,1543
843977,1408
843978,1897
843978,2032
843978,4250
843978,2817
843979,1897
843979,2032
843979,4250
843979,2817
843980,1497
843980,2818
843980,1534
843980,5310
843980,1868
843981,1603
843981,1497
843981,2818
843981,1534
843981,5310
843981,2031
843982,2820
843982,1534
843982,5310
843982,1868
843983,2818
843983,1534
843983,5310
843983,1868
843984,1573
843984,1501
843984,1580
843984,5310
843984,2031
843985,1573
843985,1501
843985,1580
843985,2742
843986,1542
843987,1541
843988,1534
843988,1418
843988,2031
843989,2356
843989,1501
843989,1580
843989,5310
843989,2031
843990,1628
843991,3523
843991,1419
843991,4897
843991,1628
843992,4573
843992,1580
843992,3383
843994,1582
843994,2031
843995,1582
843995,2031
843996,1398
843996,1541
843996,1579
843996,2031
843997,1680
843997,1582
843997,2031
843998,1680
843998,1582
843998,2031
843999,1680
843999,1582
843999,2031
843999,1528
843999,4898
843999,1547
844000,1528
844000,4898
844000,1547
844000,3902
844001,1496
844001,1604
844002,2034
844002,1417
844002,1533
844002,1496
844002,1604
844003,4898
844003,1547
844004,1548
844004,4899
844005,1573
844005,1501
844005,1580
844005,2031
844006,1578
844006,1544
844006,3523
844006,3902
844007,1897
844007,2034
844007,1417
844007,5437
844008,1897
844008,2034
844008,1417
844008,5437
844009,3522
844009,1418
844009,2031
844009,1495
844010,3908
844010,1398
844010,2820
844011,895
844011,3976
844011,3972
844013,1704
844013,3889
844013,2251
844013,895
844013,3976
844013,3972
844016,3973
844016,3977
844016,992
844016,1705
844018,3973
844018,3977
844018,992
844018,1015
844018,3888
844018,1705
844019,3973
844019,3977
844019,992
844019,1015
844019,3888
844019,1705
844020,3976
844020,3972
844022,1200
844022,3662
844022,5382
844022,4528
844022,3596
844022,3598
844022,4590
844022,2506
844022,3415
844022,2828
844022,707
844022,1819
844024,3616
844024,3603
844024,3596
844024,3598
844024,4590
844024,2506
844024,3415
844024,2828
844024,707
844024,1819
844026,3689
844026,3736
844026,1093
844026,4254
844026,3617
844026,3603
844026,3596
844026,3598
844026,4590
844026,2506
844026,3415
844026,2828
844026,707
844026,1819
844027,3420
844027,2782
844027,4566
844027,4256
844027,2115
844030,1081
844030,1202
844030,3634
844030,3615
844030,749
844030,3665
844030,5382
844030,4528
844030,3596
844030,3598
844030,4590
844030,2506
844030,3415
844030,2828
844030,707
844030,1819
844031,1081
844031,1202
844031,3634
844031,3615
844031,749
844031,3665
844031,5382
844031,4528
844031,3596
844031,3598
844031,4590
844031,2506
844031,3415
844031,2828
844031,707
844035,1200
844035,3662
844035,5382
844035,4528
844035,3596
844035,3598
844035,4590
844035,2506
844035,3415
844035,2828
844035,707
844040,3616
844040,3603
844040,3596
844040,3598
844040,4590
844040,2506
844040,3415
844040,2828
844040,707
844051,3628
844051,4554
844051,3617
844051,3603
844051,3596
844051,3598
844051,4590
844051,2506
844051,3415
844051,2828
844051,707
844051,1819
844052,3628
844052,4554
844052,3617
844052,3603
844052,3596
844052,3598
844052,4590
844052,2506
844052,3415
844052,2828
844052,707
844052,1819
844054,4254
844054,3617
844054,3603
844054,3596
844054,3598
844054,4590
844054,2506
844054,3415
844054,2828
844054,707
844054,1819
844055,4254
844055,3617
844055,3603
844055,3596
844055,3598
844055,4590
844055,2506
844055,3415
844055,2828
844055,707
844055,1819
844056,3420
844056,2782
844056,4566
844056,2246
844056,4536
844056,2115
844058,3420
844058,2782
844058,4566
844059,3420
844059,2782
844059,3641
844059,4254
844060,3420
844060,2782
844060,3641
844060,3621
844060,1092
844061,3420
844061,2782
844061,3641
844072,638
844072,3124
844072,687
844072,2056
844072,5110
844072,5108
844073,5109
844073,5110
844073,686
844073,3123
844073,636
844074,637
844074,5108
844074,680
844074,5341
844075,5340
844075,1169
844075,5109
844075,1318
844075,642
844075,639
844075,1248
844076,1782
844076,638
844076,3124
844077,3123
844077,636
844078,4700
844078,3537
844078,638
844078,4646
844079,4647
844079,636
844079,3536
844079,4699
844080,638
844080,3124
844080,687
844080,2056
844080,5110
844080,5108
844080,5405
844081,5109
844081,5110
844081,686
844081,3123
844081,642
844081,636
844082,638
844082,3124
844082,687
844082,2056
844082,5110
844083,686
844083,3123
844083,636
844084,637
844084,5108
844084,680
844084,5341
844084,5354
844084,4954
844085,5366
844085,5340
844085,1169
844085,5109
844085,1318
844085,642
844085,639
844085,1248
844086,1782
844086,638
844086,3124
844086,4439
844087,4728
844087,4521
844087,3123
844087,636
844088,1782
844088,638
844088,3124
844088,4439
844089,4521
844089,3123
844089,636
844090,1782
844090,638
844090,3124
844090,4439
844090,4908
844091,4521
844091,3123
844091,636
844094,4647
844094,636
844095,637
844095,5493
844095,656
844095,965
844095,1330
844095,3517
844095,480
844096,481
844096,3526
844096,1175
844096,638
844097,3415
844097,2828
844097,707
844097,606
844097,603
844097,1900
844097,4892
844097,1289
844097,2029
844097,1313
844097,637
844097,668
844097,2172
844097,675
844100,4652
844100,637
844100,5493
844100,666
844100,212
844100,5296
844100,271
844100,281
844100,812
844101,1963
844101,2863
844101,316
844101,3518
844101,1983
844101,3134
844102,5493
844102,242
844102,5296
844103,5424
844103,5154
844103,240
844103,1330
844103,3517
844103,508
844103,5461
844103,3892
844103,1249
844103,3134
844104,636
844104,818
844104,3517
844104,508
844104,5460
844104,3514
844104,1000
844104,2342
844106,3890
844106,3518
844106,5460
844106,509
844106,3526
844106,2816
844106,637
844106,5493
844106,665
844107,637
844108,5493
844108,656
844108,965
844108,1330
844108,3517
844108,480
844109,665
844112,1892
844112,603
844112,1900
844113,568
844113,1189
844113,935
844113,707
844113,613
844113,4652
844113,637
844113,5493
844113,1329
844113,665
844114,1034
844114,1701
844114,568
844114,1189
844114,935
844114,707
844114,613
844114,4652
844114,637
844114,5493
844114,1329
844114,665
844115,1034
844115,1701
844115,568
844115,2117
844115,1189
844115,935
844115,707
844115,613
844115,4652
844115,637
844115,5493
844115,1329
844115,665
844116,568
844116,2117
844116,1189
844116,935
844116,707
844116,613
844116,4652
844116,637
844116,5493
844116,1329
844116,665
844118,568
844118,1034
844118,1701
844118,1189
844118,935
844118,707
844118,613
844118,4652
844118,637
844118,5493
844118,1329
844118,665
844119,568
844119,2117
844119,1189
844119,935
844119,707
844119,613
844119,4652
844119,637
844119,5493
844119,1329
844119,665
844120,5493
844120,1329
844120,665
844121,5493
844121,666
844121,212
844121,5296
844121,271
844121,281
844121,812
844122,4652
844122,637
844122,5493
844122,666
844122,212
844122,5296
844122,271
844123,5493
844123,666
844123,212
844123,5296
844123,271
844124,5493
844124,666
844124,212
844124,5296
844124,271
844125,5493
844125,666
844125,212
844125,5296
844125,271
844125,281
844125,812
844126,5493
844126,666
844126,212
844126,5296
844126,271
844126,281
844126,812
844127,4652
844127,637
844128,1963
844128,2863
844128,316
844128,3518
844128,1983
844128,3134
844130,5439
844130,1963
844130,2863
844130,316
844130,3518
844130,3134
844133,637
844135,5493
844135,242
844135,5296
844135,2492
844136,5493
844137,5493
844137,242
844137,5296
844140,3892
844140,1249
844140,3134
844144,5493
844144,128
844145,864
844145,3890
844145,3518
844145,5460
844145,509
844145,3526
844145,2816
844145,1782
844145,638
844147,3890
844147,3518
844147,5460
844147,509
844147,3526
844147,2816
844147,665
844148,5493
844148,665
844149,5493
844149,3891
844149,396
844149,4878
844149,4880
844150,5493
844150,3891
844150,396
844150,4878
844150,4880
844150,4876
844150,4875
844150,5413
844151,5493
844151,1330
844151,5123
844155,5493
844155,666
844155,5296
844155,271
844155,281
844155,403
844155,378
844156,2342
844156,1963
844156,3182
844156,2861
844156,1149
844156,5297
844156,1142
844156,824
844161,5493
844161,666
844161,5296
844161,271
844161,281
844161,403
844161,378
844165,616
844165,1248
844165,708
844165,711
844165,3419
844165,2279
844165,4591
844165,3599
844165,3597
844165,4529
844165,5381
844165,1199
844165,3663
844165,1083
844166,616
844166,1248
844166,708
844166,711
844166,3419
844166,2279
844166,4591
844166,3599
844166,3597
844166,3604
844166,3616
844167,616
844167,1248
844167,708
844167,711
844167,3419
844167,2279
844167,4591
844167,3599
844167,3597
844167,3604
844167,1086
844167,3632
844167,3621
844167,1092
844168,4255
844168,2934
844168,5429
844168,757
844168,3415
844169,616
844169,1248
844169,708
844169,711
844169,3419
844169,2279
844169,4591
844169,3599
844169,3597
844169,4529
844169,5381
844169,3664
844169,1204
844169,3614
844169,3660
844169,1079
844169,1082
844170,616
844170,1248
844170,708
844170,711
844170,3419
844170,2279
844170,4591
844170,3599
844170,3597
844170,4529
844170,5381
844170,3664
844170,3635
844171,708
844171,711
844171,3419
844171,2279
844171,4591
844171,3599
844171,3597
844171,4529
844171,5381
844171,3664
844171,3635
844172,708
844172,711
844172,3419
844172,2279
844172,4591
844172,3599
844172,3597
844172,4529
844172,5381
844172,3663
844172,1083
844175,708
844175,711
844175,3419
844175,2279
844175,4591
844175,3599
844175,3597
844175,3604
844175,3616
844178,616
844178,1248
844178,708
844178,711
844178,3419
844178,2279
844178,4591
844178,3599
844178,3597
844178,3604
844178,3616
844178,1086
844178,3632
844178,3621
844178,1092
844180,616
844180,1248
844180,708
844180,711
844180,3419
844180,2279
844180,4591
844180,3599
844180,3597
844180,3604
844180,1086
844180,4555
844180,3629
844181,616
844181,1248
844181,708
844181,711
844181,3419
844181,2279
844181,4591
844181,3599
844181,3597
844181,3604
844181,1086
844181,4555
844181,3629
844182,616
844182,1248
844182,708
844182,711
844182,3419
844182,2279
844182,4591
844182,3599
844182,3597
844182,3604
844182,1086
844182,3632
844182,4254
844183,708
844183,711
844183,3419
844183,2279
844183,4591
844183,3599
844183,3597
844183,3604
844183,1086
844183,4555
844183,3629
844184,4553
844184,2245
844184,2934
844184,5429
844184,757
844184,3415
844185,4566
844185,2934
844185,5429
844185,757
844185,3415
844186,4254
844186,2934
844186,5429
844186,757
844186,3415
844187,1093
844187,4254
844187,2934
844187,5429
844187,757
844187,3415
844188,2934
844188,5429
844188,757
844188,3415
844193,3419
844193,4591
844193,3599
844193,3597
844194,3812
844194,4400
844194,2665
844194,4280
844194,1934
844194,4278
844194,4754
844194,4287
844195,376
844195,1817
844196,3812
844196,4400
844196,2665
844196,4280
844196,1934
844196,4278
844197,3812
844197,4400
844197,2665
844197,4280
844197,1934
844197,4278
844199,2011
844199,3812
844199,4400
844199,348
844199,1215
844199,481
844200,518
844200,436
844200,5423
844200,452
844200,3134
844201,568
844201,1189
844201,935
844201,707
844201,613
844201,4652
844201,637
844201,1162
844201,1329
844201,665
844202,3218
844202,5424
844202,5154
844202,5160
844202,240
844202,30
844202,305
844202,3900
844202,3835
844203,636
844203,818
844203,964
844203,5469
844203,493
844203,494
844203,3900
844203,3835
844204,553
844204,4892
844204,1330
844204,3517
844204,508
844204,5457
844204,480
844204,2527
844205,3517
844205,3518
844205,1218
844205,3894
844205,4138
844205,4123
844206,3517
844206,3518
844206,1218
844206,3894
844206,4138
844206,4123
844206,4375
844207,5154
844207,5160
844207,240
844207,30
844207,305
844207,3900
844207,3835
844209,5154
844209,5160
844209,240
844209,30
844209,305
844209,3900
844209,3835
844212,3835
844213,378
844213,3890
844213,480
844213,3134
844214,636
844214,818
844214,964
844214,5469
844214,493
844214,494
844214,3900
844214,3835
844215,3835
844216,603
844216,4894
844216,5123
844216,3517
844216,480
844216,2527
844217,3134
844219,4876
844219,4875
844219,5413
844219,5400
844219,864
844219,3890
844219,3526
844219,547
844220,4876
844220,4875
844220,5413
844220,5400
844220,864
844220,3890
844220,3526
844220,547
844222,4876
844222,4875
844222,5413
844222,5400
844222,1817
844222,2342
844222,1963
844222,2855
844222,1142
844223,4876
844223,4875
844223,5413
844223,5400
844223,1817
844223,2342
844223,1963
844223,2855
844224,4876
844224,4875
844224,5400
844224,1817
844224,2342
844224,1963
844224,2855
